LAPS,TIME,GAP,INT.,KPH,BEST,LAP,POS,CAR,PILOT NAME,TEAM,CIRCUIT,TYPE,LAP SET ON,ROUND,DATE
23,37:51.980,-,-,191.215,1:34.907,2.0,1,6,C. Lundgaard,ART Grand Prix,Mugello,Sprint Race,,Round 9 ,2020-09-13
23,38:06.301,14.321,14.321,190.017,1:35.086,3.0,2,11,L. Delétraz,Charouz Racing System,Mugello,Sprint Race,,Round 9 ,2020-09-13
23,38:06.850,14.870,0.549,189.971,1:35.462,3.0,3,1,J. Vips,DAMS,Mugello,Sprint Race,,Round 9 ,2020-09-13
23,38:09.998,18.018,3.148,189.71,1:35.671,3.0,4,20,M. Schumacher,PREMA Racing,Mugello,Sprint Race,,Round 9 ,2020-09-13
23,38:10.362,18.382,0.364,189.68,1:35.164,18.0,5,3,G. Zhou,UNI-Virtuosi,Mugello,Sprint Race,,Round 9 ,2020-09-13
23,38:16.401,24.421,6.039,189.181,1:35.811,6.0,6,4,C. Ilott,UNI-Virtuosi,Mugello,Sprint Race,,Round 9 ,2020-09-13
23,38:18.244,26.264,1.843,189.03,1:35.636,4.0,7,8,J. Daruvala,Carlin,Mugello,Sprint Race,,Round 9 ,2020-09-13
23,38:18.281,26.301,0.037,189.027,1:35.147,22.0,8,23,M. Sato,Trident,Mugello,Sprint Race,,Round 9 ,2020-09-13
23,38:23.405,31.425,5.124,188.606,1:35.927,8.0,9,21,R. Shwartzman,PREMA Racing,Mugello,Sprint Race,,Round 9 ,2020-09-13
23,38:24.922,32.942,1.517,188.482,1:36.005,6.0,10,22,R. Nissany,Trident,Mugello,Sprint Race,,Round 9 ,2020-09-13
23,38:26.882,34.902,1.960,188.322,1:35.577,4.0,11,5,M. Armstrong,ART Grand Prix,Mugello,Sprint Race,,Round 9 ,2020-09-13
23,38:27.020,35.040,0.138,188.31,1:35.993,5.0,12,12,P. Piquet,Charouz Racing System,Mugello,Sprint Race,,Round 9 ,2020-09-13
23,38:27.234,35.254,0.214,188.293,1:34.671,18.0,13,9,J. Aitken,Campos Racing,Mugello,Sprint Race,,Round 9 ,2020-09-13
23,38:28.963,36.983,1.729,188.152,1:35.140,19.0,14,14,N. Matsushita,MP Motorsport,Mugello,Sprint Race,,Round 9 ,2020-09-13
23,38:31.052,39.072,2.089,187.982,1:35.684,4.0,15,15,F. Drugovich,MP Motorsport,Mugello,Sprint Race,,Round 9 ,2020-09-13
23,38:40.413,48.433,9.361,187.224,1:34.627,19.0,16,10,G. Samaia,Campos Racing,Mugello,Sprint Race,,Round 9 ,2020-09-13
23,38:40.463,48.483,0.050,187.22,1:33.295,18.0,17,2,D. Ticktum,DAMS,Mugello,Sprint Race,,Round 9 ,2020-09-13
23,38:42.773,50.793,2.310,187.033,1:34.274,23.0,18,24,N. Mazepin,Hitech Grand Prix,Mugello,Sprint Race,,Round 9 ,2020-09-13
23,39:01.629,69.649,18.856,185.527,1:33.376,22.0,19,7,Y. Tsunoda,Carlin,Mugello,Sprint Race,,Round 9 ,2020-09-13
23,39:13.865,81.885,12.236,184.563,1:35.635,3.0,20,16,A. Markelov,BWT HWA RACELAB,Mugello,Sprint Race,,Round 9 ,2020-09-13
33,59:22.869,-,-,174.931,1:34.678,32.0,1,24,N. Mazepin,Hitech Grand Prix,Mugello,Feature Race,,Round 9 ,2020-09-13
33,59:27.329,4.460,4.460,174.712,1:35.059,12.0,2,25,L. Ghiotto,Hitech Grand Prix,Mugello,Feature Race,,Round 9 ,2020-09-13
33,59:27.388,4.519,0.059,174.709,1:33.969,22.0,3,11,L. Delétraz,Charouz Racing System,Mugello,Feature Race,,Round 9 ,2020-09-13
33,59:27.729,4.860,0.341,174.692,1:35.161,32.0,4,15,F. Drugovich,MP Motorsport,Mugello,Feature Race,,Round 9 ,2020-09-13
33,59:28.243,5.374,0.514,174.667,1:34.895,21.0,5,20,M. Schumacher,PREMA Racing,Mugello,Feature Race,,Round 9 ,2020-09-13
33,59:30.694,7.825,2.451,174.547,1:35.135,2.0,6,6,C. Lundgaard,ART Grand Prix,Mugello,Feature Race,,Round 9 ,2020-09-13
33,59:31.222,8.353,0.528,174.522,1:35.664,21.0,7,1,J. Vips,DAMS,Mugello,Feature Race,,Round 9 ,2020-09-13
33,59:33.041,10.172,1.819,174.433,1:35.824,20.0,8,16,A. Markelov,BWT HWA RACELAB,Mugello,Feature Race,,Round 9 ,2020-09-13
33,59:33.303,10.434,0.262,174.42,1:35.130,10.0,9,5,M. Armstrong,ART Grand Prix,Mugello,Feature Race,,Round 9 ,2020-09-13
33,59:33.532,10.663,0.229,174.409,1:34.665,14.0,10,8,J. Daruvala,Carlin,Mugello,Feature Race,,Round 9 ,2020-09-13
33,59:33.969,11.100,0.437,174.387,1:36.353,21.0,11,14,N. Matsushita,MP Motorsport,Mugello,Feature Race,,Round 9 ,2020-09-13
33,59:34.616,11.747,0.647,174.356,1:35.301,16.0,12,4,C. Ilott,UNI-Virtuosi,Mugello,Feature Race,,Round 9 ,2020-09-13
33,59:34.626,11.757,0.010,174.355,1:35.246,12.0,13,12,P. Piquet,Charouz Racing System,Mugello,Feature Race,,Round 9 ,2020-09-13
33,59:35.297,12.428,0.671,174.323,1:36.908,5.0,14,23,M. Sato,Trident,Mugello,Feature Race,,Round 9 ,2020-09-13
33,59:36.457,13.588,1.160,174.266,1:36.711,5.0,15,22,R. Nissany,Trident,Mugello,Feature Race,,Round 9 ,2020-09-13
33,59:36.981,14.112,0.524,174.241,1:35.104,12.0,16,7,Y. Tsunoda,Carlin,Mugello,Feature Race,,Round 9 ,2020-09-13
33,59:38.828,15.959,1.847,174.151,1:35.236,16.0,17,2,D. Ticktum,DAMS,Mugello,Feature Race,,Round 9 ,2020-09-13
33,1:00:15.065,52.196,36.237,172.405,1:37.356,7.0,18,10,G. Samaia,Campos Racing,Mugello,Feature Race,,Round 9 ,2020-09-13
10,1:30.133,-,-,209.49,,,1,6,C. Lundgaard,ART Grand Prix,Mugello,Qualifying Session,17:24:15,Round 9 ,2020-09-13
12,1:30.138,0.005,0.005,209.478,,,2,2,D. Ticktum,DAMS,Mugello,Qualifying Session,17:24:34,Round 9 ,2020-09-13
11,1:30.204,0.071,0.066,209.325,,,3,4,C. Ilott,UNI-Virtuosi,Mugello,Qualifying Session,17:25:01,Round 9 ,2020-09-13
10,1:30.317,0.184,0.113,209.063,,,4,5,M. Armstrong,ART Grand Prix,Mugello,Qualifying Session,17:24:04,Round 9 ,2020-09-13
12,1:30.339,0.206,0.022,209.012,,,5,15,F. Drugovich,MP Motorsport,Mugello,Qualifying Session,17:09:51,Round 9 ,2020-09-13
11,1:30.437,0.304,0.098,208.786,,,6,8,J. Daruvala,Carlin,Mugello,Qualifying Session,17:25:06,Round 9 ,2020-09-13
12,1:30.486,0.353,0.049,208.673,,,7,1,J. Vips,DAMS,Mugello,Qualifying Session,17:10:21,Round 9 ,2020-09-13
11,1:30.508,0.375,0.022,208.622,,,8,25,L. Ghiotto,Hitech Grand Prix,Mugello,Qualifying Session,17:24:24,Round 9 ,2020-09-13
11,1:30.527,0.394,0.019,208.578,,,9,21,R. Shwartzman,PREMA Racing,Mugello,Qualifying Session,17:28:12,Round 9 ,2020-09-13
12,1:30.533,0.400,0.006,208.564,,,10,9,J. Aitken,Campos Racing,Mugello,Qualifying Session,17:28:15,Round 9 ,2020-09-13
12,1:30.542,0.409,0.009,208.544,,,11,7,Y. Tsunoda,Carlin,Mugello,Qualifying Session,17:27:51,Round 9 ,2020-09-13
12,1:30.552,0.419,0.010,208.521,,,12,11,L. Delétraz,Charouz Racing System,Mugello,Qualifying Session,17:10:05,Round 9 ,2020-09-13
12,1:30.586,0.453,0.034,208.442,,,13,3,G. Zhou,UNI-Virtuosi,Mugello,Qualifying Session,17:24:54,Round 9 ,2020-09-13
10,1:30.592,0.459,0.006,208.429,,,14,24,N. Mazepin,Hitech Grand Prix,Mugello,Qualifying Session,17:24:13,Round 9 ,2020-09-13
10,1:30.924,0.791,0.332,207.667,,,15,20,M. Schumacher,PREMA Racing,Mugello,Qualifying Session,17:24:47,Round 9 ,2020-09-13
11,1:30.974,0.841,0.050,207.553,,,16,12,P. Piquet,Charouz Racing System,Mugello,Qualifying Session,17:10:09,Round 9 ,2020-09-13
9,1:31.131,0.998,0.157,207.196,,,17,23,M. Sato,Trident,Mugello,Qualifying Session,17:24:39,Round 9 ,2020-09-13
11,1:31.159,1.026,0.028,207.132,,,18,22,R. Nissany,Trident,Mugello,Qualifying Session,17:27:35,Round 9 ,2020-09-13
10,1:31.331,1.198,0.172,206.742,,,19,16,A. Markelov,BWT HWA RACELAB,Mugello,Qualifying Session,17:25:12,Round 9 ,2020-09-13
11,1:31.345,1.212,0.014,206.71,,,20,17,G. Alesi,BWT HWA RACELAB,Mugello,Qualifying Session,17:24:51,Round 9 ,2020-09-13
8,1:31.961,1.828,0.616,205.326,,,21,14,N. Matsushita,MP Motorsport,Mugello,Qualifying Session,17:09:55,Round 9 ,2020-09-13
11,1:32.359,2.226,0.398,204.441,,,22,10,G. Samaia,Campos Racing,Mugello,Qualifying Session,17:10:36,Round 9 ,2020-09-13
18,1:31.474,-,-,206.419,,,1,1,J. Vips,DAMS,Mugello,Free Practice,13:08:14,Round 9 ,2020-09-13
19,1:31.563,0.089,0.089,206.218,,,2,25,L. Ghiotto,Hitech Grand Prix,Mugello,Free Practice,13:11:46,Round 9 ,2020-09-13
18,1:31.705,0.231,0.142,205.899,,,3,15,F. Drugovich,MP Motorsport,Mugello,Free Practice,13:06:52,Round 9 ,2020-09-13
21,1:31.757,0.283,0.052,205.782,,,4,7,Y. Tsunoda,Carlin,Mugello,Free Practice,13:11:41,Round 9 ,2020-09-13
21,1:31.882,0.408,0.125,205.502,,,5,2,D. Ticktum,DAMS,Mugello,Free Practice,13:11:36,Round 9 ,2020-09-13
19,1:31.968,0.494,0.086,205.31,,,6,23,M. Sato,Trident,Mugello,Free Practice,13:07:20,Round 9 ,2020-09-13
12,1:32.061,0.587,0.093,205.103,,,7,9,J. Aitken,Campos Racing,Mugello,Free Practice,13:07:33,Round 9 ,2020-09-13
20,1:32.097,0.623,0.036,205.022,,,8,24,N. Mazepin,Hitech Grand Prix,Mugello,Free Practice,13:11:28,Round 9 ,2020-09-13
20,1:32.101,0.627,0.004,205.014,,,9,6,C. Lundgaard,ART Grand Prix,Mugello,Free Practice,13:26:00,Round 9 ,2020-09-13
19,1:32.217,0.743,0.116,204.756,,,10,22,R. Nissany,Trident,Mugello,Free Practice,13:07:29,Round 9 ,2020-09-13
21,1:32.296,0.822,0.079,204.58,,,11,11,L. Delétraz,Charouz Racing System,Mugello,Free Practice,13:08:00,Round 9 ,2020-09-13
18,1:32.331,0.857,0.035,204.503,,,12,20,M. Schumacher,PREMA Racing,Mugello,Free Practice,13:20:50,Round 9 ,2020-09-13
18,1:32.408,0.934,0.077,204.332,,,13,21,R. Shwartzman,PREMA Racing,Mugello,Free Practice,13:10:56,Round 9 ,2020-09-13
19,1:32.419,0.945,0.011,204.308,,,14,4,C. Ilott,UNI-Virtuosi,Mugello,Free Practice,13:11:10,Round 9 ,2020-09-13
20,1:32.451,0.977,0.032,204.237,,,15,5,M. Armstrong,ART Grand Prix,Mugello,Free Practice,13:10:42,Round 9 ,2020-09-13
21,1:32.608,1.134,0.157,203.891,,,16,12,P. Piquet,Charouz Racing System,Mugello,Free Practice,13:11:59,Round 9 ,2020-09-13
18,1:32.682,1.208,0.074,203.728,,,17,3,G. Zhou,UNI-Virtuosi,Mugello,Free Practice,13:12:11,Round 9 ,2020-09-13
19,1:33.010,1.536,0.328,203.01,,,18,16,A. Markelov,BWT HWA RACELAB,Mugello,Free Practice,13:11:15,Round 9 ,2020-09-13
21,1:33.016,1.542,0.006,202.997,,,19,8,J. Daruvala,Carlin,Mugello,Free Practice,13:20:05,Round 9 ,2020-09-13
21,1:33.143,1.669,0.127,202.72,,,20,17,G. Alesi,BWT HWA RACELAB,Mugello,Free Practice,13:14:41,Round 9 ,2020-09-13
15,1:33.695,2.221,0.552,201.526,,,21,14,N. Matsushita,MP Motorsport,Mugello,Free Practice,13:38:39,Round 9 ,2020-09-13
18,1:34.021,2.547,0.326,200.827,,,22,10,G. Samaia,Campos Racing,Mugello,Free Practice,13:08:20,Round 9 ,2020-09-13
