LAPS,TIME,GAP,INT.,KPH,BEST,LAP,POS,CAR,PILOT NAME,TEAM,CIRCUIT,TYPE,LAP SET ON,ROUND,DATE
21,41:32.101,-,-,181.955,1:56.891,18.0,1,8,G. Russell,ART Grand Prix,Baku,Sprint Race,,Round 2 ,2018-04-29
21,41:36.875,4.774,2.170,181.607,1:57.218,18.0,2,4,N. de Vries,PERTAMINA PREMA Theodore Racing,Baku,Sprint Race,,Round 2 ,2018-04-29
21,41:37.117,5.016,0.242,181.59,1:57.306,21.0,3,6,N. Latifi,DAMS,Baku,Sprint Race,,Round 2 ,2018-04-29
21,41:37.943,5.842,0.826,181.53,1:57.316,16.0,4,19,L. Norris,Carlin,Baku,Sprint Race,,Round 2 ,2018-04-29
21,41:45.707,13.606,7.764,180.967,1:57.623,20.0,5,16,A. Maini,Trident,Baku,Sprint Race,,Round 2 ,2018-04-29
21,41:51.209,19.108,5.502,180.571,1:57.361,21.0,6,17,S. Ferrucci,Trident,Baku,Sprint Race,,Round 2 ,2018-04-29
21,41:54.492,22.391,3.283,180.335,1:57.871,8.0,7,9,R. Merhi,MP Motorsport,Baku,Sprint Race,,Round 2 ,2018-04-29
21,41:56.480,24.379,1.988,180.193,1:58.215,6.0,8,10,R. Boschung,MP Motorsport,Baku,Sprint Race,,Round 2 ,2018-04-29
21,41:57.231,25.130,0.751,180.139,1:58.418,8.0,9,2,T. Makino,RUSSIAN TIME,Baku,Sprint Race,,Round 2 ,2018-04-29
21,42:18.662,46.561,21.431,178.618,1:59.066,7.0,10,20,L. Delétraz,Charouz Racing System,Baku,Sprint Race,,Round 2 ,2018-04-29
21,42:52.632,80.531,33.970,176.26,1:56.774,21.0,11,7,J. Aitken,ART Grand Prix,Baku,Sprint Race,,Round 2 ,2018-04-29
21,43:00.043,87.942,7.411,175.753,1:58.593,18.0,12,12,N. Fukuzumi,BWT Arden,Baku,Sprint Race,,Round 2 ,2018-04-29
21,43:05.205,93.104,5.162,175.402,1:57.254,20.0,13,5,A. Albon,DAMS,Baku,Sprint Race,,Round 2 ,2018-04-29
20,41:50.673,1 LAP,1 LAP,172.002,1:58.402,19.0,14,14,L. Ghiotto,Campos Vexatec Racing,Baku,Sprint Race,,Round 2 ,2018-04-29
18,37:51.440,DNF,-,171.089,1:57.350,14.0,15,11,M. Günther,BWT Arden,Baku,Sprint Race,,Round 2 ,2018-04-29
21,41:34.705,2.604,2.604,181.765,1:57.663,15.0,,18,S. Sette Câmara,Carlin,Baku,Sprint Race,,Round 2 ,2018-04-29
29,1:03:41.627,-,-,163.893,1:57.582,23.0,1,5,A. Albon,DAMS,Baku,Feature Race,,Round 2 ,2018-04-29
29,1:03:43.619,1.992,1.992,163.807,1:57.520,27.0,2,7,J. Aitken,ART Grand Prix,Baku,Feature Race,,Round 2 ,2018-04-29
29,1:03:44.585,2.958,0.966,163.766,1:57.409,23.0,3,21,A. Fuoco,Charouz Racing System,Baku,Feature Race,,Round 2 ,2018-04-29
29,1:03:47.473,5.846,2.888,163.642,1:58.052,22.0,4,18,S. Sette Câmara,Carlin,Baku,Feature Race,,Round 2 ,2018-04-29
29,1:03:48.726,7.099,1.253,163.589,1:57.826,26.0,5,6,N. Latifi,DAMS,Baku,Feature Race,,Round 2 ,2018-04-29
29,1:03:49.239,7.612,0.513,163.567,1:57.965,26.0,6,19,L. Norris,Carlin,Baku,Feature Race,,Round 2 ,2018-04-29
29,1:03:54.325,12.698,5.086,163.35,1:58.401,23.0,7,10,R. Boschung,MP Motorsport,Baku,Feature Race,,Round 2 ,2018-04-29
29,1:03:55.951,14.324,1.626,163.281,1:58.684,23.0,8,9,R. Merhi,MP Motorsport,Baku,Feature Race,,Round 2 ,2018-04-29
29,1:03:57.246,15.619,1.295,163.226,1:58.820,28.0,9,2,T. Makino,RUSSIAN TIME,Baku,Feature Race,,Round 2 ,2018-04-29
29,1:04:02.453,20.826,5.207,163.004,1:58.802,29.0,10,3,S. Gelael,PERTAMINA PREMA Theodore Racing,Baku,Feature Race,,Round 2 ,2018-04-29
29,1:04:27.347,45.720,24.894,161.955,1:59.423,22.0,11,17,S. Ferrucci,Trident,Baku,Feature Race,,Round 2 ,2018-04-29
29,1:04:40.636,59.009,13.289,161.401,1:56.385,28.0,12,8,G. Russell,ART Grand Prix,Baku,Feature Race,,Round 2 ,2018-04-29
29,1:05:37.144,115.517,56.508,159.084,1:59.015,11.0,13,12,N. Fukuzumi,BWT Arden,Baku,Feature Race,,Round 2 ,2018-04-29
9,1:54.480,-,-,188.773,,,1,5,A. Albon,DAMS,Baku,Qualifying Session,15:32:25,Round 2 ,2018-04-29
8,1:54.694,0.214,0.214,188.421,,,2,19,L. Norris,Carlin,Baku,Qualifying Session,15:31:56,Round 2 ,2018-04-29
10,1:54.842,0.362,0.148,188.178,,,3,8,G. Russell,ART Grand Prix,Baku,Qualifying Session,15:31:54,Round 2 ,2018-04-29
10,1:54.980,0.500,0.138,187.952,,,4,14,L. Ghiotto,Campos Vexatec Racing,Baku,Qualifying Session,15:16:28,Round 2 ,2018-04-29
9,1:55.212,0.732,0.012,187.574,,,5,18,S. Sette Câmara,Carlin,Baku,Qualifying Session,15:32:59,Round 2 ,2018-04-29
9,1:55.236,0.756,0.024,187.535,,,6,7,J. Aitken,ART Grand Prix,Baku,Qualifying Session,15:32:15,Round 2 ,2018-04-29
9,1:55.474,0.994,0.238,187.148,,,7,16,A. Maini,Trident,Baku,Qualifying Session,15:31:52,Round 2 ,2018-04-29
9,1:55.728,1.248,0.254,186.737,,,8,4,N. de Vries,PERTAMINA PREMA Theodore Racing,Baku,Qualifying Session,15:32:14,Round 2 ,2018-04-29
9,1:55.761,1.281,0.033,186.684,,,9,10,R. Boschung,MP Motorsport,Baku,Qualifying Session,15:32:46,Round 2 ,2018-04-29
8,1:56.139,1.659,0.169,186.077,,,10,2,T. Makino,RUSSIAN TIME,Baku,Qualifying Session,15:16:40,Round 2 ,2018-04-29
9,1:56.532,2.052,0.393,185.449,,,11,9,R. Merhi,MP Motorsport,Baku,Qualifying Session,15:32:50,Round 2 ,2018-04-29
9,1:57.090,2.610,0.558,184.565,,,12,21,A. Fuoco,Charouz Racing System,Baku,Qualifying Session,15:16:10,Round 2 ,2018-04-29
9,1:57.105,2.625,0.015,184.542,,,13,20,L. Delétraz,Charouz Racing System,Baku,Qualifying Session,15:16:03,Round 2 ,2018-04-29
10,1:57.508,3.028,0.157,183.909,,,14,3,S. Gelael,PERTAMINA PREMA Theodore Racing,Baku,Qualifying Session,15:16:08,Round 2 ,2018-04-29
9,1:57.604,3.124,0.096,183.759,,,15,1,A. Markelov,RUSSIAN TIME,Baku,Qualifying Session,15:32:02,Round 2 ,2018-04-29
5,2:01.902,7.422,4.298,177.28,,,16,15,R. Nissany,Campos Vexatec Racing,Baku,Qualifying Session,15:15:48,Round 2 ,2018-04-29
9,1:55.970,1.490,0.209,186.348,,,17,11,M. Günther,BWT Arden,Baku,Qualifying Session,15:24:20,Round 2 ,2018-04-29
9,1:57.351,2.871,0.246,184.155,,,18,12,N. Fukuzumi,BWT Arden,Baku,Qualifying Session,15:16:13,Round 2 ,2018-04-29
9,1:55.200,0.720,0.220,187.593,,,19,17,S. Ferrucci,Trident,Baku,Qualifying Session,15:32:09,Round 2 ,2018-04-29
8,2:02.970,8.490,1.068,175.74,,,20,6,N. Latifi,DAMS,Baku,Qualifying Session,-,Round 2 ,2018-04-29
15,1:57.136,-,-,184.493,,,1,18,S. Sette Câmara,Carlin,Baku,Free Practice,11:28:08,Round 2 ,2018-04-29
16,1:57.208,0.072,0.072,184.379,,,2,14,L. Ghiotto,Campos Vexatec Racing,Baku,Free Practice,11:45:32,Round 2 ,2018-04-29
14,1:57.629,0.493,0.421,183.72,,,3,10,R. Boschung,MP Motorsport,Baku,Free Practice,11:27:19,Round 2 ,2018-04-29
15,1:57.944,0.808,0.315,183.229,,,4,5,A. Albon,DAMS,Baku,Free Practice,11:37:19,Round 2 ,2018-04-29
18,1:57.962,0.826,0.018,183.201,,,5,8,G. Russell,ART Grand Prix,Baku,Free Practice,11:46:48,Round 2 ,2018-04-29
18,1:57.976,0.840,0.014,183.179,,,6,19,L. Norris,Carlin,Baku,Free Practice,11:26:24,Round 2 ,2018-04-29
16,1:57.997,0.861,0.021,183.147,,,7,2,T. Makino,RUSSIAN TIME,Baku,Free Practice,11:30:43,Round 2 ,2018-04-29
17,1:58.385,1.249,0.388,182.546,,,8,21,A. Fuoco,Charouz Racing System,Baku,Free Practice,11:46:54,Round 2 ,2018-04-29
16,1:58.431,1.295,0.046,182.475,,,9,16,A. Maini,Trident,Baku,Free Practice,11:23:25,Round 2 ,2018-04-29
18,1:58.714,1.578,0.283,182.04,,,10,12,N. Fukuzumi,BWT Arden,Baku,Free Practice,11:46:51,Round 2 ,2018-04-29
15,1:58.778,1.642,0.064,181.942,,,11,3,S. Gelael,PERTAMINA PREMA Theodore Racing,Baku,Free Practice,11:31:25,Round 2 ,2018-04-29
15,1:59.081,1.945,0.303,181.479,,,12,15,R. Nissany,Campos Vexatec Racing,Baku,Free Practice,11:23:11,Round 2 ,2018-04-29
13,1:59.327,2.191,0.246,181.105,,,13,11,M. Günther,BWT Arden,Baku,Free Practice,11:24:08,Round 2 ,2018-04-29
19,1:59.525,2.389,0.198,180.805,,,14,17,S. Ferrucci,Trident,Baku,Free Practice,11:46:21,Round 2 ,2018-04-29
15,1:59.653,2.517,0.128,180.612,,,15,7,J. Aitken,ART Grand Prix,Baku,Free Practice,11:36:37,Round 2 ,2018-04-29
17,1:59.767,2.631,0.114,180.44,,,16,6,N. Latifi,DAMS,Baku,Free Practice,11:35:47,Round 2 ,2018-04-29
13,2:00.735,3.599,0.968,178.993,,,17,4,N. de Vries,PERTAMINA PREMA Theodore Racing,Baku,Free Practice,11:45:05,Round 2 ,2018-04-29
18,2:01.075,3.939,0.340,178.491,,,18,20,L. Delétraz,Charouz Racing System,Baku,Free Practice,11:46:47,Round 2 ,2018-04-29
14,2:01.816,4.680,0.741,177.405,,,19,9,R. Merhi,MP Motorsport,Baku,Free Practice,11:32:33,Round 2 ,2018-04-29
2,2:26.820,29.684,25.004,147.192,,,20,1,A. Markelov,RUSSIAN TIME,Baku,Free Practice,11:05:29,Round 2 ,2018-04-29
