,LAPS,TIME,GAP,INT.,KPH,BEST,LAP,POS,CAR,PILOT NAME,TEAM,CIRCUIT,SCHEDULE,TYPE,LAP SET ON,QUALI TYPE
0,40,56:31.050,-,-,183.228,1:18.085,37.0,1,22,R. Verschoor,Van Amersfoort Racing,Spielberg,Round 8 |30-02 July 2023,Feature Race,,Unique
1,40,56:31.465,0.415,0.415,183.206,1:17.575,37.0,2,11,A. Iwasa,DAMS,Spielberg,Round 8 |30-02 July 2023,Feature Race,,Unique
2,40,56:32.971,1.921,1.506,183.125,1:17.695,12.0,3,7,F. Vesti,PREMA Racing,Spielberg,Round 8 |30-02 July 2023,Feature Race,,Unique
3,40,56:33.272,2.222,0.301,183.108,1:18.146,11.0,4,14,J. Doohan,Invicta Virtuosi Racing,Spielberg,Round 8 |30-02 July 2023,Feature Race,,Unique
4,40,56:33.910,2.860,0.638,183.074,1:17.673,37.0,5,8,O. Bearman,PREMA Racing,Spielberg,Round 8 |30-02 July 2023,Feature Race,,Unique
5,40,56:34.197,3.147,0.287,183.059,1:17.655,38.0,6,4,E. Fittipaldi,Carlin,Spielberg,Round 8 |30-02 July 2023,Feature Race,,Unique
6,40,56:37.764,6.714,3.567,182.866,1:18.422,12.0,7,5,T. Pourchaire,ART Grand Prix,Spielberg,Round 8 |30-02 July 2023,Feature Race,,Unique
7,40,56:38.398,7.348,0.634,182.832,1:18.622,40.0,8,9,J. Crawford,Hitech Pulse-Eight,Spielberg,Round 8 |30-02 July 2023,Feature Race,,Unique
8,40,56:39.021,7.971,0.623,182.799,1:18.192,14.0,9,6,V. Martins,ART Grand Prix,Spielberg,Round 8 |30-02 July 2023,Feature Race,,Unique
9,40,56:40.393,9.343,1.372,182.725,1:18.146,11.0,10,2,J. Daruvala,MP Motorsport,Spielberg,Round 8 |30-02 July 2023,Feature Race,,Unique
10,40,56:40.632,9.582,0.239,182.712,1:17.899,39.0,11,1,D. Hauger,MP Motorsport,Spielberg,Round 8 |30-02 July 2023,Feature Race,,Unique
11,40,56:40.965,9.915,0.333,182.694,1:17.825,39.0,12,10,I. Hadjar,Hitech Pulse-Eight,Spielberg,Round 8 |30-02 July 2023,Feature Race,,Unique
12,40,56:42.644,11.594,1.679,182.604,1:18.335,39.0,13,21,C. Novalak,Trident,Spielberg,Round 8 |30-02 July 2023,Feature Race,,Unique
13,40,56:44.070,13.020,1.426,182.528,1:17.948,15.0,14,25,R. Boschung,Campos Racing,Spielberg,Round 8 |30-02 July 2023,Feature Race,,Unique
14,40,56:45.672,14.622,1.602,182.442,1:18.355,13.0,15,3,Z. Maloney,Carlin,Spielberg,Round 8 |30-02 July 2023,Feature Race,,Unique
15,40,56:46.104,15.054,0.432,182.419,1:18.387,12.0,16,16,R. Nissany,PHM Racing by Charouz,Spielberg,Round 8 |30-02 July 2023,Feature Race,,Unique
16,40,56:48.405,17.355,2.301,182.295,1:19.037,9.0,17,15,A. Cordeel,Invicta Virtuosi Racing,Spielberg,Round 8 |30-02 July 2023,Feature Race,,Unique
17,40,56:48.790,17.740,0.385,182.275,1:18.393,13.0,18,23,J. Correa,Van Amersfoort Racing,Spielberg,Round 8 |30-02 July 2023,Feature Race,,Unique
18,40,56:51.517,20.467,2.727,182.129,1:17.858,12.0,19,17,B. Benavides,PHM Racing by Charouz,Spielberg,Round 8 |30-02 July 2023,Feature Race,,Unique
19,27,39:36.231,-,-,176.437,1:17.892,14.0,1,9,J. Crawford,Hitech Pulse-Eight,Spielberg,Round 8 |30-02 July 2023,Sprint Race,,Unique
20,27,39:38.517,2.286,2.286,176.267,1:17.630,14.0,2,6,V. Martins,ART Grand Prix,Spielberg,Round 8 |30-02 July 2023,Sprint Race,,Unique
21,27,39:40.597,4.366,0.456,176.113,1:17.704,12.0,3,10,I. Hadjar,Hitech Pulse-Eight,Spielberg,Round 8 |30-02 July 2023,Sprint Race,,Unique
22,27,39:45.755,9.524,5.158,175.733,1:18.178,12.0,4,23,J. Correa,Van Amersfoort Racing,Spielberg,Round 8 |30-02 July 2023,Sprint Race,,Unique
23,27,39:46.406,10.175,0.651,175.685,1:17.687,11.0,5,20,R. Stanek,Trident,Spielberg,Round 8 |30-02 July 2023,Sprint Race,,Unique
24,27,39:46.859,10.628,0.453,175.651,1:17.842,13.0,6,1,D. Hauger,MP Motorsport,Spielberg,Round 8 |30-02 July 2023,Sprint Race,,Unique
25,27,39:47.632,11.401,0.773,175.594,1:18.123,16.0,7,14,J. Doohan,Invicta Virtuosi Racing,Spielberg,Round 8 |30-02 July 2023,Sprint Race,,Unique
26,27,39:48.689,12.458,1.057,175.517,1:17.722,12.0,8,8,O. Bearman,PREMA Racing,Spielberg,Round 8 |30-02 July 2023,Sprint Race,,Unique
27,27,39:49.154,12.923,0.465,175.483,1:17.915,13.0,9,7,F. Vesti,PREMA Racing,Spielberg,Round 8 |30-02 July 2023,Sprint Race,,Unique
28,27,39:49.769,13.538,0.615,175.437,1:18.057,21.0,10,16,R. Nissany,PHM Racing by Charouz,Spielberg,Round 8 |30-02 July 2023,Sprint Race,,Unique
29,27,39:53.989,17.758,4.220,175.128,1:18.325,15.0,11,11,A. Iwasa,DAMS,Spielberg,Round 8 |30-02 July 2023,Sprint Race,,Unique
30,27,39:55.321,19.090,1.332,175.031,1:18.073,15.0,12,17,B. Benavides,PHM Racing by Charouz,Spielberg,Round 8 |30-02 July 2023,Sprint Race,,Unique
31,27,39:56.838,20.607,1.517,174.92,1:18.398,13.0,13,12,A. Leclerc,DAMS,Spielberg,Round 8 |30-02 July 2023,Sprint Race,,Unique
32,27,39:58.261,22.030,1.423,174.816,1:18.127,22.0,14,5,T. Pourchaire,ART Grand Prix,Spielberg,Round 8 |30-02 July 2023,Sprint Race,,Unique
33,27,39:58.436,22.205,0.175,174.803,1:18.146,11.0,15,15,A. Cordeel,Invicta Virtuosi Racing,Spielberg,Round 8 |30-02 July 2023,Sprint Race,,Unique
34,27,40:12.718,36.48,14.282,173.769,1:17.896,11.0,16,24,K. Maini,Campos Racing,Spielberg,Round 8 |30-02 July 2023,Sprint Race,,Unique
35,27,40:13.127,36.89,0.409,173.739,1:18.341,13.0,17,25,R. Boschung,Campos Racing,Spielberg,Round 8 |30-02 July 2023,Sprint Race,,Unique
36,27,40:37.709,61.478,24.582,171.987,1:17.294,20.0,18,3,Z. Maloney,Carlin,Spielberg,Round 8 |30-02 July 2023,Sprint Race,,Unique
37,14,1:14.643,-,-,208.255,,,1,6,V. Martins,ART Grand Prix,Spielberg,Round 8 |30-02 July 2023,Qualifying Session,16:19:52,Unique
38,16,1:14.782,0.139,0.139,207.868,,,2,7,F. Vesti,PREMA Racing,Spielberg,Round 8 |30-02 July 2023,Qualifying Session,16:20:06,Unique
39,14,1:14.813,0.170,0.031,207.782,,,3,5,T. Pourchaire,ART Grand Prix,Spielberg,Round 8 |30-02 July 2023,Qualifying Session,16:19:55,Unique
40,14,1:14.858,0.215,0.045,207.657,,,4,24,K. Maini,Campos Racing,Spielberg,Round 8 |30-02 July 2023,Qualifying Session,16:20:00,Unique
41,18,1:14.860,0.217,0.002,207.651,,,5,14,J. Doohan,Invicta Virtuosi Racing,Spielberg,Round 8 |30-02 July 2023,Qualifying Session,16:23:04,Unique
42,16,1:14.953,0.310,0.093,207.393,,,6,4,E. Fittipaldi,Carlin,Spielberg,Round 8 |30-02 July 2023,Qualifying Session,16:19:50,Unique
43,14,1:14.987,0.344,0.034,207.299,,,7,15,A. Cordeel,Invicta Virtuosi Racing,Spielberg,Round 8 |30-02 July 2023,Qualifying Session,16:20:27,Unique
44,16,1:15.017,0.374,0.030,207.217,,,8,12,A. Leclerc,DAMS,Spielberg,Round 8 |30-02 July 2023,Qualifying Session,16:20:09,Unique
45,17,1:15.085,0.442,0.068,207.029,,,9,2,J. Daruvala,MP Motorsport,Spielberg,Round 8 |30-02 July 2023,Qualifying Session,16:19:48,Unique
46,15,1:15.087,0.444,0.002,207.023,,,10,9,J. Crawford,Hitech Pulse-Eight,Spielberg,Round 8 |30-02 July 2023,Qualifying Session,16:19:57,Unique
47,17,1:15.128,0.485,0.041,206.91,,,11,22,R. Verschoor,Van Amersfoort Racing,Spielberg,Round 8 |30-02 July 2023,Qualifying Session,16:19:58,Unique
48,17,1:15.203,0.560,0.075,206.704,,,12,23,J. Correa,Van Amersfoort Racing,Spielberg,Round 8 |30-02 July 2023,Qualifying Session,16:23:29,Unique
49,16,1:15.237,0.594,0.034,206.611,,,13,1,D. Hauger,MP Motorsport,Spielberg,Round 8 |30-02 July 2023,Qualifying Session,16:05:03,Unique
50,17,1:15.244,0.601,0.007,206.591,,,14,16,R. Nissany,PHM Racing by Charouz,Spielberg,Round 8 |30-02 July 2023,Qualifying Session,16:20:08,Unique
51,16,1:15.374,0.731,0.130,206.235,,,15,3,Z. Maloney,Carlin,Spielberg,Round 8 |30-02 July 2023,Qualifying Session,16:23:16,Unique
52,16,1:15.469,0.826,0.095,205.975,,,16,11,A. Iwasa,DAMS,Spielberg,Round 8 |30-02 July 2023,Qualifying Session,16:04:44,Unique
53,15,1:15.502,0.859,0.033,205.885,,,17,20,R. Stanek,Trident,Spielberg,Round 8 |30-02 July 2023,Qualifying Session,16:23:25,Unique
54,17,1:15.650,1.007,0.148,205.483,,,18,17,B. Benavides,PHM Racing by Charouz,Spielberg,Round 8 |30-02 July 2023,Qualifying Session,16:23:26,Unique
55,16,1:15.690,1.047,0.040,205.374,,,19,8,O. Bearman,PREMA Racing,Spielberg,Round 8 |30-02 July 2023,Qualifying Session,16:07:49,Unique
56,15,1:15.702,1.059,0.012,205.341,,,20,21,C. Novalak,Trident,Spielberg,Round 8 |30-02 July 2023,Qualifying Session,16:01:22,Unique
57,11,1:15.808,1.165,0.106,205.054,,,21,10,I. Hadjar,Hitech Pulse-Eight,Spielberg,Round 8 |30-02 July 2023,Qualifying Session,16:01:45,Unique
58,15,1:15.828,1.185,0.020,205.0,,,22,25,R. Boschung,Campos Racing,Spielberg,Round 8 |30-02 July 2023,Qualifying Session,16:05:19,Unique
59,15,1:15.216,-,-,206.668,,,1,4,E. Fittipaldi,Carlin,Spielberg,Round 8 |30-02 July 2023,Free Practice,11:23:20,Unique
60,15,1:15.400,0.184,0.184,206.164,,,2,6,V. Martins,ART Grand Prix,Spielberg,Round 8 |30-02 July 2023,Free Practice,11:19:58,Unique
61,17,1:15.608,0.392,0.208,205.597,,,3,7,F. Vesti,PREMA Racing,Spielberg,Round 8 |30-02 July 2023,Free Practice,11:25:40,Unique
62,14,1:15.639,0.423,0.031,205.513,,,4,10,I. Hadjar,Hitech Pulse-Eight,Spielberg,Round 8 |30-02 July 2023,Free Practice,11:23:11,Unique
63,19,1:15.718,0.502,0.079,205.298,,,5,11,A. Iwasa,DAMS,Spielberg,Round 8 |30-02 July 2023,Free Practice,11:34:09,Unique
64,12,1:15.785,0.569,0.067,205.117,,,6,24,K. Maini,Campos Racing,Spielberg,Round 8 |30-02 July 2023,Free Practice,11:34:01,Unique
65,18,1:15.791,0.575,0.006,205.1,,,7,12,A. Leclerc,DAMS,Spielberg,Round 8 |30-02 July 2023,Free Practice,11:32:42,Unique
66,16,1:15.802,0.586,0.011,205.071,,,8,1,D. Hauger,MP Motorsport,Spielberg,Round 8 |30-02 July 2023,Free Practice,11:31:07,Unique
67,18,1:15.856,0.640,0.054,204.925,,,9,14,J. Doohan,Invicta Virtuosi Racing,Spielberg,Round 8 |30-02 July 2023,Free Practice,11:19:49,Unique
68,17,1:15.862,0.646,0.006,204.908,,,10,21,C. Novalak,Trident,Spielberg,Round 8 |30-02 July 2023,Free Practice,11:32:01,Unique
69,17,1:15.865,0.649,0.003,204.9,,,11,8,O. Bearman,PREMA Racing,Spielberg,Round 8 |30-02 July 2023,Free Practice,11:23:07,Unique
70,19,1:15.878,0.662,0.013,204.865,,,12,22,R. Verschoor,Van Amersfoort Racing,Spielberg,Round 8 |30-02 July 2023,Free Practice,11:32:04,Unique
71,18,1:15.882,0.666,0.004,204.854,,,13,15,A. Cordeel,Invicta Virtuosi Racing,Spielberg,Round 8 |30-02 July 2023,Free Practice,11:20:41,Unique
72,18,1:15.901,0.685,0.019,204.803,,,14,3,Z. Maloney,Carlin,Spielberg,Round 8 |30-02 July 2023,Free Practice,11:17:14,Unique
73,11,1:15.906,0.690,0.005,204.79,,,15,25,R. Boschung,Campos Racing,Spielberg,Round 8 |30-02 July 2023,Free Practice,11:33:07,Unique
74,15,1:15.927,0.711,0.021,204.733,,,16,5,T. Pourchaire,ART Grand Prix,Spielberg,Round 8 |30-02 July 2023,Free Practice,11:19:56,Unique
75,17,1:15.928,0.712,0.001,204.73,,,17,2,J. Daruvala,MP Motorsport,Spielberg,Round 8 |30-02 July 2023,Free Practice,11:20:22,Unique
76,18,1:16.024,0.808,0.096,204.472,,,18,20,R. Stanek,Trident,Spielberg,Round 8 |30-02 July 2023,Free Practice,11:31:58,Unique
77,14,1:16.034,0.818,0.010,204.445,,,19,9,J. Crawford,Hitech Pulse-Eight,Spielberg,Round 8 |30-02 July 2023,Free Practice,11:19:52,Unique
78,17,1:16.117,0.901,0.083,204.222,,,20,16,R. Nissany,PHM Racing by Charouz,Spielberg,Round 8 |30-02 July 2023,Free Practice,11:19:48,Unique
79,20,1:16.224,1.008,0.107,203.935,,,21,23,J. Correa,Van Amersfoort Racing,Spielberg,Round 8 |30-02 July 2023,Free Practice,11:32:22,Unique
80,19,1:16.491,1.275,0.267,203.223,,,22,17,B. Benavides,PHM Racing by Charouz,Spielberg,Round 8 |30-02 July 2023,Free Practice,11:20:27,Unique
