LAPS,TIME,GAP,INT.,KPH,BEST,LAP,POS,CAR,PILOT NAME,TEAM,CIRCUIT,TYPE,LAP SET ON,ROUND,DATE
37,58:56.681,-,-,164.958,1:33.212,11.0,1,10,T. Pourchaire,ART Grand Prix,Budapest,Feature Race,,Round 10 ,2022-07-31
37,59:00.322,3.641,3.641,164.788,1:33.071,14.0,2,22,E. Fittipaldi,Charouz Racing System,Budapest,Feature Race,,Round 10 ,2022-07-31
37,59:02.608,5.927,2.286,164.682,1:33.206,14.0,3,17,A. Iwasa,DAMS,Budapest,Feature Race,,Round 10 ,2022-07-31
37,59:03.441,6.760,0.833,164.643,1:31.973,30.0,4,9,F. Vesti,ART Grand Prix,Budapest,Feature Race,,Round 10 ,2022-07-31
37,59:06.305,9.624,2.864,164.51,1:32.991,30.0,5,8,J. Vips,Hitech Grand Prix,Budapest,Feature Race,,Round 10 ,2022-07-31
37,59:10.223,13.542,3.918,164.329,1:33.192,3.0,6,7,M. Armstrong,Hitech Grand Prix,Budapest,Feature Race,,Round 10 ,2022-07-31
37,59:11.436,14.755,1.213,164.273,1:31.893,33.0,7,5,L. Lawson,Carlin,Budapest,Feature Race,,Round 10 ,2022-07-31
37,59:16.837,20.156,5.401,164.023,1:32.393,31.0,8,20,R. Verschoor,Trident,Budapest,Feature Race,,Round 10 ,2022-07-31
37,59:25.308,28.627,8.471,163.633,1:33.081,4.0,9,11,F. Drugovich,MP Motorsport,Budapest,Feature Race,,Round 10 ,2022-07-31
37,59:25.911,29.230,0.603,163.606,1:32.834,31.0,10,6,L. Sargeant,Carlin,Budapest,Feature Race,,Round 10 ,2022-07-31
37,59:39.180,42.499,13.269,162.999,1:33.145,10.0,11,2,J. Daruvala,PREMA Racing,Budapest,Feature Race,,Round 10 ,2022-07-31
37,59:39.486,42.805,0.306,162.985,1:31.913,28.0,12,12,C. Novalak,MP Motorsport,Budapest,Feature Race,,Round 10 ,2022-07-31
37,59:42.417,45.736,2.931,162.852,1:33.321,13.0,13,23,C. Bölükbasi,Charouz Racing System,Budapest,Feature Race,,Round 10 ,2022-07-31
37,59:44.140,47.459,1.723,162.774,1:32.432,31.0,14,24,D. Beckmann,Van Amersfoort Racing,Budapest,Feature Race,,Round 10 ,2022-07-31
37,59:44.350,47.669,0.210,162.764,1:33.649,14.0,15,4,M. Sato,Virtuosi Racing,Budapest,Feature Race,,Round 10 ,2022-07-31
37,59:47.881,51.200,2.812,162.604,1:33.108,13.0,16,21,C. Williams,Trident,Budapest,Feature Race,,Round 10 ,2022-07-31
37,59:52.765,56.084,4.884,162.383,1:31.352,34.0,17,25,A. Cordeel,Van Amersfoort Racing,Budapest,Feature Race,,Round 10 ,2022-07-31
37,59:45.069,48.388,0.719,162.731,1:32.747,24.0,18,16,R. Nissany,DAMS,Budapest,Feature Race,,Round 10 ,2022-07-31
37,1:00:14.662,77.981,21.897,161.399,1:31.204,36.0,19,1,D. Hauger,PREMA Racing,Budapest,Feature Race,,Round 10 ,2022-07-31
36,58:06.361,1 LAP,-,162.815,1:33.982,14.0,20,14,O. Caldwell,Campos Racing,Budapest,Feature Race,,Round 10 ,2022-07-31
34,54:54.798,DNF,-,162.708,1:33.287,13.0,21,15,R. Merhi,Campos Racing,Budapest,Feature Race,,Round 10 ,2022-07-31
28,45:42.642,-,-,160.961,1:33.017,9.0,1,3,J. Doohan,Virtuosi Racing,Budapest,Sprint Race,,Round 10 ,2022-07-31
28,45:47.917,5.275,5.275,160.652,1:32.837,8.0,2,8,J. Vips,Hitech Grand Prix,Budapest,Sprint Race,,Round 10 ,2022-07-31
28,45:48.967,6.325,1.050,160.591,1:32.934,10.0,3,22,E. Fittipaldi,Charouz Racing System,Budapest,Sprint Race,,Round 10 ,2022-07-31
28,45:50.434,7.792,1.467,160.505,1:33.065,9.0,4,11,F. Drugovich,MP Motorsport,Budapest,Sprint Race,,Round 10 ,2022-07-31
28,45:51.908,9.266,1.474,160.419,1:33.060,9.0,5,9,F. Vesti,ART Grand Prix,Budapest,Sprint Race,,Round 10 ,2022-07-31
28,45:56.192,13.550,4.284,160.17,1:33.299,9.0,6,5,L. Lawson,Carlin,Budapest,Sprint Race,,Round 10 ,2022-07-31
28,46:02.827,20.185,6.635,159.785,1:33.148,9.0,7,7,M. Armstrong,Hitech Grand Prix,Budapest,Sprint Race,,Round 10 ,2022-07-31
28,46:03.365,20.723,0.538,159.754,1:33.380,7.0,8,17,A. Iwasa,DAMS,Budapest,Sprint Race,,Round 10 ,2022-07-31
28,46:04.357,21.715,0.992,159.697,1:33.034,8.0,9,10,T. Pourchaire,ART Grand Prix,Budapest,Sprint Race,,Round 10 ,2022-07-31
28,46:12.436,29.794,8.079,159.232,1:33.269,8.0,10,14,O. Caldwell,Campos Racing,Budapest,Sprint Race,,Round 10 ,2022-07-31
28,46:13.698,31.056,1.262,159.159,1:33.419,7.0,11,21,C. Williams,Trident,Budapest,Sprint Race,,Round 10 ,2022-07-31
28,46:14.481,31.839,0.783,159.114,1:33.703,8.0,12,24,D. Beckmann,Van Amersfoort Racing,Budapest,Sprint Race,,Round 10 ,2022-07-31
28,46:14.932,32.290,0.451,159.088,1:33.836,7.0,13,25,A. Cordeel,Van Amersfoort Racing,Budapest,Sprint Race,,Round 10 ,2022-07-31
28,46:31.526,48.884,16.594,158.143,1:31.449,21.0,14,15,R. Merhi,Campos Racing,Budapest,Sprint Race,,Round 10 ,2022-07-31
28,46:34.460,51.818,2.934,157.977,1:33.571,7.0,15,4,M. Sato,Virtuosi Racing,Budapest,Sprint Race,,Round 10 ,2022-07-31
28,46:49.805,67.163,10.141,157.114,1:32.465,17.0,16,23,C. Bölükbasi,Charouz Racing System,Budapest,Sprint Race,,Round 10 ,2022-07-31
28,46:59.910,77.268,10.105,156.551,1:30.452,28.0,17,2,J. Daruvala,PREMA Racing,Budapest,Sprint Race,,Round 10 ,2022-07-31
28,46:39.664,57.022,5.204,157.683,1:30.414,26.0,18,20,R. Verschoor,Trident,Budapest,Sprint Race,,Round 10 ,2022-07-31
27,46:26.888,1 LAP,1 LAP,152.747,1:32.824,10.0,19,16,R. Nissany,DAMS,Budapest,Sprint Race,,Round 10 ,2022-07-31
27,46:54.431,1 LAP,27.543,151.252,1:32.218,9.0,20,12,C. Novalak,MP Motorsport,Budapest,Sprint Race,,Round 10 ,2022-07-31
14,1:27.930,-,-,179.365,,,1,17,A. Iwasa,DAMS,Budapest,Qualifying Session,18:57:31,Round 10 ,2022-07-31
12,1:28.311,0.381,0.381,178.591,,,2,7,M. Armstrong,Hitech Grand Prix,Budapest,Qualifying Session,18:53:07,Round 10 ,2022-07-31
12,1:28.340,0.410,0.029,178.532,,,3,11,F. Drugovich,MP Motorsport,Budapest,Qualifying Session,18:56:50,Round 10 ,2022-07-31
12,1:28.359,0.429,0.019,178.494,,,4,10,T. Pourchaire,ART Grand Prix,Budapest,Qualifying Session,18:57:02,Round 10 ,2022-07-31
13,1:28.381,0.451,0.022,178.45,,,5,6,L. Sargeant,Carlin,Budapest,Qualifying Session,18:53:09,Round 10 ,2022-07-31
12,1:28.391,0.461,0.010,178.429,,,6,8,J. Vips,Hitech Grand Prix,Budapest,Qualifying Session,18:56:45,Round 10 ,2022-07-31
12,1:28.562,0.632,0.171,178.085,,,7,9,F. Vesti,ART Grand Prix,Budapest,Qualifying Session,18:53:32,Round 10 ,2022-07-31
12,1:28.604,0.674,0.042,178.0,,,8,1,D. Hauger,PREMA Racing,Budapest,Qualifying Session,18:53:39,Round 10 ,2022-07-31
13,1:28.686,0.756,0.082,177.836,,,9,22,E. Fittipaldi,Charouz Racing System,Budapest,Qualifying Session,18:53:43,Round 10 ,2022-07-31
13,1:28.691,0.761,0.005,177.826,,,10,3,J. Doohan,Virtuosi Racing,Budapest,Qualifying Session,18:57:49,Round 10 ,2022-07-31
13,1:28.750,0.820,0.059,177.708,,,11,5,L. Lawson,Carlin,Budapest,Qualifying Session,18:53:16,Round 10 ,2022-07-31
12,1:28.786,0.856,0.036,177.636,,,12,2,J. Daruvala,PREMA Racing,Budapest,Qualifying Session,18:54:07,Round 10 ,2022-07-31
10,1:28.803,0.873,0.017,177.602,,,13,14,O. Caldwell,Campos Racing,Budapest,Qualifying Session,18:47:45,Round 10 ,2022-07-31
13,1:28.849,0.919,0.046,177.51,,,14,20,R. Verschoor,Trident,Budapest,Qualifying Session,19:00:26,Round 10 ,2022-07-31
12,1:29.018,1.088,0.169,177.173,,,15,4,M. Sato,Virtuosi Racing,Budapest,Qualifying Session,18:57:52,Round 10 ,2022-07-31
13,1:29.102,1.172,0.084,177.006,,,16,23,C. Bölükbasi,Charouz Racing System,Budapest,Qualifying Session,18:53:50,Round 10 ,2022-07-31
15,1:29.343,1.413,0.241,176.528,,,17,24,D. Beckmann,Van Amersfoort Racing,Budapest,Qualifying Session,18:57:46,Round 10 ,2022-07-31
14,1:29.346,1.416,0.003,176.522,,,18,21,C. Williams,Trident,Budapest,Qualifying Session,19:00:40,Round 10 ,2022-07-31
13,1:29.481,1.551,0.135,176.256,,,19,12,C. Novalak,MP Motorsport,Budapest,Qualifying Session,18:57:14,Round 10 ,2022-07-31
11,1:29.547,1.617,0.066,176.126,,,20,15,R. Merhi,Campos Racing,Budapest,Qualifying Session,18:53:55,Round 10 ,2022-07-31
14,1:29.606,1.676,0.059,176.01,,,21,16,R. Nissany,DAMS,Budapest,Qualifying Session,18:53:31,Round 10 ,2022-07-31
14,1:29.792,1.862,0.186,175.645,,,22,25,A. Cordeel,Van Amersfoort Racing,Budapest,Qualifying Session,19:01:10,Round 10 ,2022-07-31
18,1:29.562,-,-,176.097,,,1,3,J. Doohan,Virtuosi Racing,Budapest,Free Practice,10:55:47,Round 10 ,2022-07-31
20,1:29.563,0.001,0.001,176.095,,,2,17,A. Iwasa,DAMS,Budapest,Free Practice,10:59:56,Round 10 ,2022-07-31
19,1:29.641,0.079,0.078,175.941,,,3,24,D. Beckmann,Van Amersfoort Racing,Budapest,Free Practice,11:25:00,Round 10 ,2022-07-31
20,1:29.763,0.201,0.122,175.702,,,4,9,F. Vesti,ART Grand Prix,Budapest,Free Practice,10:56:48,Round 10 ,2022-07-31
18,1:29.883,0.321,0.120,175.468,,,5,7,M. Armstrong,Hitech Grand Prix,Budapest,Free Practice,10:55:41,Round 10 ,2022-07-31
20,1:29.894,0.332,0.011,175.446,,,6,10,T. Pourchaire,ART Grand Prix,Budapest,Free Practice,10:56:43,Round 10 ,2022-07-31
17,1:29.941,0.379,0.047,175.354,,,7,1,D. Hauger,PREMA Racing,Budapest,Free Practice,10:52:21,Round 10 ,2022-07-31
22,1:29.947,0.385,0.006,175.343,,,8,5,L. Lawson,Carlin,Budapest,Free Practice,11:05:55,Round 10 ,2022-07-31
20,1:30.259,0.697,0.312,174.737,,,9,22,E. Fittipaldi,Charouz Racing System,Budapest,Free Practice,10:55:57,Round 10 ,2022-07-31
18,1:30.270,0.708,0.011,174.715,,,10,8,J. Vips,Hitech Grand Prix,Budapest,Free Practice,10:52:04,Round 10 ,2022-07-31
21,1:30.281,0.719,0.011,174.694,,,11,6,L. Sargeant,Carlin,Budapest,Free Practice,11:10:03,Round 10 ,2022-07-31
18,1:30.306,0.744,0.025,174.646,,,12,2,J. Daruvala,PREMA Racing,Budapest,Free Practice,11:19:12,Round 10 ,2022-07-31
22,1:30.348,0.786,0.042,174.565,,,13,11,F. Drugovich,MP Motorsport,Budapest,Free Practice,10:52:44,Round 10 ,2022-07-31
19,1:30.415,0.853,0.067,174.435,,,14,14,O. Caldwell,Campos Racing,Budapest,Free Practice,10:59:44,Round 10 ,2022-07-31
19,1:30.583,1.021,0.168,174.112,,,15,16,R. Nissany,DAMS,Budapest,Free Practice,11:22:44,Round 10 ,2022-07-31
19,1:30.660,1.098,0.077,173.964,,,16,12,C. Novalak,MP Motorsport,Budapest,Free Practice,11:20:52,Round 10 ,2022-07-31
20,1:30.678,1.116,0.018,173.929,,,17,21,C. Williams,Trident,Budapest,Free Practice,11:22:05,Round 10 ,2022-07-31
19,1:30.699,1.137,0.021,173.889,,,18,4,M. Sato,Virtuosi Racing,Budapest,Free Practice,10:52:50,Round 10 ,2022-07-31
21,1:30.720,1.158,0.021,173.849,,,19,25,A. Cordeel,Van Amersfoort Racing,Budapest,Free Practice,10:52:54,Round 10 ,2022-07-31
20,1:30.738,1.176,0.018,173.814,,,20,20,R. Verschoor,Trident,Budapest,Free Practice,11:06:10,Round 10 ,2022-07-31
20,1:30.824,1.262,0.086,173.65,,,21,15,R. Merhi,Campos Racing,Budapest,Free Practice,11:13:16,Round 10 ,2022-07-31
21,1:31.071,1.509,0.247,173.179,,,22,23,C. Bölükbasi,Charouz Racing System,Budapest,Free Practice,10:59:41,Round 10 ,2022-07-31
